name: mlops_project
channels:
  - pytorch
  - conda-forge
  - defaults
dependencies:
  - blas=2.106=mkl
  - brotlipy=0.7.0=py310h8d17308_1005
  - bzip2=1.0.8=h8ffe710_4
  - ca-certificates=2022.12.7=h5b45459_0
  - certifi=2022.12.7=pyhd8ed1ab_0
  - cffi=1.15.1=py310h628cb3f_3
  - charset-normalizer=2.1.1=pyhd8ed1ab_0
  - cpuonly=2.0=0
  - cryptography=39.0.0=py310h6e82f81_0
  - freetype=2.12.1=h546665d_1
  - idna=3.4=pyhd8ed1ab_0
  - intel-openmp=2023.0.0=h57928b3_25922
  - jpeg=9e=h8ffe710_2
  - lcms2=2.14=ha5c8aab_1
  - lerc=4.0.0=h63175ca_0
  - libblas=3.9.0=6_mkl
  - libcblas=3.9.0=6_mkl
  - libdeflate=1.14=hcfcfb64_0
  - libffi=3.4.2=h8ffe710_5
  - libjpeg-turbo=2.1.4=hcfcfb64_0
  - liblapack=3.9.0=6_mkl
  - liblapacke=3.9.0=6_mkl
  - libpng=1.6.39=h19919ed_0
  - libsqlite=3.40.0=hcfcfb64_0
  - libtiff=4.5.0=hc4f729c_0
  - libuv=1.44.2=h8ffe710_0
  - libwebp-base=1.2.4=h8ffe710_0
  - libxcb=1.13=hcd874cb_1004
  - libzlib=1.2.13=hcfcfb64_4
  - m2w64-gcc-libgfortran=5.3.0=6
  - m2w64-gcc-libs=5.3.0=7
  - m2w64-gcc-libs-core=5.3.0=7
  - m2w64-gmp=6.1.0=2
  - m2w64-libwinpthread-git=5.0.0.4634.697f757=2
  - mkl=2020.4=hb70f87d_311
  - msys2-conda-epoch=20160418=1
  - numpy=1.24.1=py310h4a8f9c9_0
  - openjpeg=2.5.0=ha2aaf27_2
  - openssl=3.0.7=hcfcfb64_1
  - pillow=9.4.0=py310h3d7015a_0
  - pip=22.3.1=pyhd8ed1ab_0
  - pthread-stubs=0.4=hcd874cb_1001
  - pycparser=2.21=pyhd8ed1ab_0
  - pyopenssl=23.0.0=pyhd8ed1ab_0
  - pysocks=1.7.1=pyh0701188_6
  - python=3.10.8=h4de0772_0_cpython
  - python_abi=3.10=3_cp310
  - pytorch=1.13.1=py3.10_cpu_0
  - pytorch-mutex=1.0=cpu
  - requests=2.28.1=pyhd8ed1ab_1
  - setuptools=65.6.3=pyhd8ed1ab_0
  - tk=8.6.12=h8ffe710_0
  - torchaudio=0.13.1=py310_cpu
  - torchvision=0.14.1=py310_cpu
  - typing_extensions=4.4.0=pyha770c72_0
  - tzdata=2022g=h191b570_0
  - ucrt=10.0.22621.0=h57928b3_0
  - urllib3=1.26.14=pyhd8ed1ab_0
  - vc=14.3=hb6edc58_10
  - vs2015_runtime=14.34.31931=h4c5c07a_10
  - wheel=0.38.4=pyhd8ed1ab_0
  - win_inet_pton=1.1.0=pyhd8ed1ab_6
  - xorg-libxau=1.0.9=hcd874cb_0
  - xorg-libxdmcp=1.1.3=hcd874cb_0
  - xz=5.2.6=h8d14728_0
  - zstd=1.5.2=h7755175_4
  - pip:
    - alabaster==0.7.12
    - babel==2.11.0
    - click==8.1.3
    - colorama==0.4.6
    - contourpy==1.0.6
    - coverage==7.0.5
    - cycler==0.11.0
    - docopt==0.6.2
    - docutils==0.19
    - flake8==6.0.0
    - fonttools==4.38.0
    - imagesize==1.4.1
    - jinja2==3.1.2
    - joblib==1.2.0
    - kiwisolver==1.4.4
    - markupsafe==2.1.1
    - matplotlib==3.6.3
    - mccabe==0.7.0
    - packaging==23.0
    - pipreqs==0.4.11
    - psutil==5.9.4
    - pycodestyle==2.10.0
    - pyflakes==3.0.1
    - pygments==2.14.0
    - pyparsing==3.0.9
    - python-dateutil==2.8.2
    - python-dotenv==0.21.0
    - pytz==2022.7
    - scikit-learn==1.2.0
    - scipy==1.10.0
    - six==1.16.0
    - snowballstemmer==2.2.0
    - sphinx==6.1.3
    - sphinxcontrib-applehelp==1.0.3
    - sphinxcontrib-devhelp==1.0.2
    - sphinxcontrib-htmlhelp==2.0.0
    - sphinxcontrib-jsmath==1.0.1
    - sphinxcontrib-qthelp==1.0.3
    - sphinxcontrib-serializinghtml==1.1.5
    - threadpoolctl==3.1.0
    - torch-cluster==1.6.0+pt113cpu
    - torch-geometric==2.2.0
    - torch-scatter==2.1.0+pt113cpu
    - torch-sparse==0.6.16+pt113cpu
    - torch-spline-conv==1.2.1+pt113cpu
    - tqdm==4.64.1
    - yarg==0.1.9
prefix: C:\Users\33699\anaconda3\envs\mlops_project
